10
3 1
2 1

33 25
18 10
24 27
4 32
18 31
1 15
14 7
1 14
6 18
16 3
33 13
18 32
30 9
13 31
2 29
33 26
31 25
23 28
26 16
13 30
4 13
4 28
16 4
18 18
33 8
15 20

35 30
16 31
17 32
21 35
31 34
9 19
3 3
32 25
4 34
27 6
9 14
29 20
34 26
32 31
30 22
29 13
9 16
4 1
17 20
21 9
20 4
32 16
2 35
33 24
10 25
22 6
7 27
27 7
2 3
32 15
11 17

22 3
4 15
6 22
17 20

25 17
21 13
24 7
7 19
19 3
8 8
7 13
12 6
15 10
10 7
16 19
22 3
5 21
9 24
17 13
7 15
15 9
23 5

46 41
16 28
23 20
43 11
42 23
13 37
11 46
15 17
43 39
20 16
22 19
25 34
5 1
37 19
11 8
45 25
37 35
26 22
23 46
27 44
1 26
23 6
45 35
34 44
15 46
3 39
29 14
1 46
22 11
6 15
23 9
21 37
29 20
37 18
34 44
22 16
22 13
33 13
32 35
8 29
40 27
38 36

31 25
17 12
17 30
22 31
17 8
25 11
25 17
3 17
9 26
8 23
1 20
21 20
3 3
31 18
8 22
9 11
19 19
1 9
19 9
4 3
14 31
20 16
19 17
24 22
4 17
4 6

15 2
4 10
10 1

46 6
42 6
31 29
35 42
3 15
37 27
1 40

11 2
3 4
8 1

