7
25 24
23 6
11 23
1 8
6 17
17 14
7 19
16 22
1 10
13 12
6 13
19 18
22 23
13 24
19 19
18 15
1 16
11 10
20 21
4 16
5 25
6 17
12 7
3 4
9 5

38 13
34 20
21 7
1 9
18 10
19 17
20 33
34 34
37 18
7 9
6 5
4 13
23 11
12 10

22 3
10 6
20 7
8 13

13 12
10 1
5 9
1 7
4 10
3 12
4 9
4 11
5 2
3 2
12 10
13 10
12 12

23 8
7 9
6 4
13 15
23 9
20 3
15 9
23 8
17 1

22 16
21 12
22 19
1 2
4 4
6 5
12 17
3 5
17 16
2 19
13 5
12 11
9 4
6 15
11 16
21 12
20 3

31 30
28 27
20 30
16 30
28 16
19 4
1 24
6 18
16 16
22 31
2 12
8 14
26 17
1 8
18 15
15 22
9 8
4 25
22 23
8 1
28 18
4 25
12 18
4 11
3 16
21 23
29 24
27 18
12 20
9 7
17 3

