8
17 16
7 9
14 12
14 10
6 3
17 7
7 13
12 8
11 12
14 14
2 13
13 17
9 17
1 6
14 9
10 7
3 11

1 1
1 1

10 3
10 4
5 5
1 6

50 37
14 25
23 19
19 38
6 9
42 3
26 28
15 15
25 35
25 23
10 34
21 38
48 19
28 24
21 14
19 43
36 3
31 14
28 3
50 28
26 44
25 24
23 12
32 4
33 6
44 26
32 43
43 23
37 15
1 38
11 14
25 21
21 36
34 12
11 47
18 36
1 41
45 46

25 20
1 2
20 9
3 22
17 4
19 2
10 19
15 20
3 1
13 11
2 11
8 21
16 2
3 19
9 15
10 8
12 16
13 3
25 1
3 5
4 24

21 15
11 19
6 21
11 11
18 5
8 8
11 12
20 11
7 7
12 7
17 13
15 12
8 6
20 15
12 10
11 17

29 14
16 23
12 17
2 13
1 15
5 11
5 2
11 24
28 19
12 2
9 5
16 24
24 18
22 12
3 3

36 1
33 7

