10
45 15
39 28
38 18
41 9
25 33
24 20
11 22
10 36
13 4
29 7
40 14
12 21
10 1
3 15
6 34
17 10

41 40
39 17
38 4
31 3
4 2
3 9
37 10
39 39
12 28
10 27
9 20
13 2
17 12
33 22
22 14
10 35
29 23
8 8
1 4
37 6
10 12
8 31
6 41
41 13
37 13
11 21
29 25
37 21
28 17
4 38
23 7
33 36
35 8
34 24
4 34
40 17
6 7
15 14
38 31
25 33
33 20

42 25
8 38
7 10
12 2
31 5
13 15
14 27
26 25
22 42
16 14
33 23
34 26
25 26
28 1
41 30
26 39
5 16
20 10
19 29
24 25
3 25
36 16
14 13
37 42
14 23
41 34

42 30
28 20
19 13
27 26
38 21
23 30
42 37
25 12
42 18
36 22
21 37
37 29
34 28
10 3
30 8
13 18
16 6
39 21
2 7
35 30
5 11
17 2
8 4
28 12
22 29
20 2
17 29
17 14
34 15
31 3
12 13

15 1
4 3

49 9
33 39
26 10
37 8
31 44
49 18
3 5
23 28
42 22
9 11

10 9
5 4
3 6
4 9
4 3
8 1
7 9
1 2
2 10
6 4

17 17
10 7
14 4
4 10
9 4
14 6
12 7
16 14
3 5
13 13
3 14
12 17
5 11
12 5
12 13
3 6
3 8
17 14

22 17
9 22
1 1
20 5
14 11
2 5
14 12
17 11
17 21
13 20
3 15
20 16
11 16
13 9
12 18
4 14
11 17
12 8

38 31
7 30
29 6
31 22
9 24
9 20
12 34
38 11
24 27
17 29
34 23
11 20
19 33
22 28
32 28
22 17
6 8
12 10
2 3
36 10
38 27
37 20
36 12
13 8
9 13
9 38
22 25
7 11
18 34
31 22
9 34
3 17

