8
27 20
16 25
2 13
18 9
26 15
1 13
3 12
16 19
11 3
26 23
22 21
12 7
21 8
13 17
20 6
15 21
16 27
21 26
24 7
5 6
10 3

5 2
2 1
5 1

22 7
21 13
4 16
3 19
16 20
6 19
10 3
13 14

27 2
24 19
6 4

14 10
4 6
11 11
4 8
13 3
3 6
3 4
3 4
8 11
9 9
10 9

13 3
1 3
8 8
8 7

48 46
23 26
10 19
28 5
13 27
48 24
9 22
17 38
40 38
16 17
13 46
30 37
26 44
36 22
18 41
22 39
10 30
8 44
6 41
1 34
17 16
31 29
44 5
44 19
43 11
48 40
13 24
6 8
43 12
35 44
34 1
21 7
36 34
8 33
43 17
31 6
32 4
16 47
27 16
1 17
44 9
18 36
42 9
27 7
42 47
24 18
18 9

16 13
14 5
15 15
2 4
13 9
1 16
11 4
14 16
8 8
1 10
16 14
13 8
4 9
16 14

