6
25 23
21 5
3 24
23 13
12 16
12 12
6 18
6 25
7 3
1 1
17 25
17 6
8 17
8 13
8 13
4 9
21 10
10 9
22 14
23 22
7 6
14 19
1 17
13 6

11 2
4 1
11 5

46 40
15 17
34 17
37 27
43 10
25 16
27 13
2 43
8 22
15 17
1 17
4 8
3 36
39 36
6 30
5 40
44 39
4 27
30 18
39 6
6 1
29 36
15 15
3 42
40 43
22 16
12 38
26 24
13 28
43 39
27 41
19 17
33 10
40 7
42 18
3 25
1 11
13 30
21 34
1 28
36 27

7 4
5 3
4 1
1 2
1 1

26 16
22 19
3 13
16 19
1 10
12 6
22 7
21 2
6 1
1 15
22 12
26 25
12 14
20 18
11 4
3 16
23 19

18 16
5 9
12 13
18 18
15 10
11 1
6 8
15 8
8 9
14 7
11 10
12 4
8 5
2 2
14 14
13 8
14 12

